//*************************************
//+ Test eines sehr grossen Graphen
//*************************************
// Das Beispiel beinhaltet 1000 einfach verknüpfte Vorgaenge mit einer steigenden Dauer
//Vorgangsnummer; Vorgangsbezeichnung; Dauer; Vorgänger; Nachfolger
1; Nr.1; 1; -; 2
2; Nr.2; 2; 1; 3
3; Nr.3; 3; 2; 4
4; Nr.4; 4; 3; 5
5; Nr.5; 5; 4; 6
6; Nr.6; 6; 5; 7
7; Nr.7; 7; 6; 8
8; Nr.8; 8; 7; 9
9; Nr.9; 9; 8; 10
10; Nr.10; 10; 9; 11
11; Nr.11; 11; 10; 12
12; Nr.12; 12; 11; 13
13; Nr.13; 13; 12; 14
14; Nr.14; 14; 13; 15
15; Nr.15; 15; 14; 16
16; Nr.16; 16; 15; 17
17; Nr.17; 17; 16; 18
18; Nr.18; 18; 17; 19
19; Nr.19; 19; 18; 20
20; Nr.20; 20; 19; 21
21; Nr.21; 21; 20; 22
22; Nr.22; 22; 21; 23
23; Nr.23; 23; 22; 24
24; Nr.24; 24; 23; 25
25; Nr.25; 25; 24; 26
26; Nr.26; 26; 25; 27
27; Nr.27; 27; 26; 28
28; Nr.28; 28; 27; 29
29; Nr.29; 29; 28; 30
30; Nr.30; 30; 29; 31
31; Nr.31; 31; 30; 32
32; Nr.32; 32; 31; 33
33; Nr.33; 33; 32; 34
34; Nr.34; 34; 33; 35
35; Nr.35; 35; 34; 36
36; Nr.36; 36; 35; 37
37; Nr.37; 37; 36; 38
38; Nr.38; 38; 37; 39
39; Nr.39; 39; 38; 40
40; Nr.40; 40; 39; 41
41; Nr.41; 41; 40; 42
42; Nr.42; 42; 41; 43
43; Nr.43; 43; 42; 44
44; Nr.44; 44; 43; 45
45; Nr.45; 45; 44; 46
46; Nr.46; 46; 45; 47
47; Nr.47; 47; 46; 48
48; Nr.48; 48; 47; 49
49; Nr.49; 49; 48; 50
50; Nr.50; 50; 49; 51
51; Nr.51; 51; 50; 52
52; Nr.52; 52; 51; 53
53; Nr.53; 53; 52; 54
54; Nr.54; 54; 53; 55
55; Nr.55; 55; 54; 56
56; Nr.56; 56; 55; 57
57; Nr.57; 57; 56; 58
58; Nr.58; 58; 57; 59
59; Nr.59; 59; 58; 60
60; Nr.60; 60; 59; 61
61; Nr.61; 61; 60; 62
62; Nr.62; 62; 61; 63
63; Nr.63; 63; 62; 64
64; Nr.64; 64; 63; 65
65; Nr.65; 65; 64; 66
66; Nr.66; 66; 65; 67
67; Nr.67; 67; 66; 68
68; Nr.68; 68; 67; 69
69; Nr.69; 69; 68; 70
70; Nr.70; 70; 69; 71
71; Nr.71; 71; 70; 72
72; Nr.72; 72; 71; 73
73; Nr.73; 73; 72; 74
74; Nr.74; 74; 73; 75
75; Nr.75; 75; 74; 76
76; Nr.76; 76; 75; 77
77; Nr.77; 77; 76; 78
78; Nr.78; 78; 77; 79
79; Nr.79; 79; 78; 80
80; Nr.80; 80; 79; 81
81; Nr.81; 81; 80; 82
82; Nr.82; 82; 81; 83
83; Nr.83; 83; 82; 84
84; Nr.84; 84; 83; 85
85; Nr.85; 85; 84; 86
86; Nr.86; 86; 85; 87
87; Nr.87; 87; 86; 88
88; Nr.88; 88; 87; 89
89; Nr.89; 89; 88; 90
90; Nr.90; 90; 89; 91
91; Nr.91; 91; 90; 92
92; Nr.92; 92; 91; 93
93; Nr.93; 93; 92; 94
94; Nr.94; 94; 93; 95
95; Nr.95; 95; 94; 96
96; Nr.96; 96; 95; 97
97; Nr.97; 97; 96; 98
98; Nr.98; 98; 97; 99
99; Nr.99; 99; 98; 100
100; Nr.100; 100; 99; 101
101; Nr.101; 101; 100; 102
102; Nr.102; 102; 101; 103
103; Nr.103; 103; 102; 104
104; Nr.104; 104; 103; 105
105; Nr.105; 105; 104; 106
106; Nr.106; 106; 105; 107
107; Nr.107; 107; 106; 108
108; Nr.108; 108; 107; 109
109; Nr.109; 109; 108; 110
110; Nr.110; 110; 109; 111
111; Nr.111; 111; 110; 112
112; Nr.112; 112; 111; 113
113; Nr.113; 113; 112; 114
114; Nr.114; 114; 113; 115
115; Nr.115; 115; 114; 116
116; Nr.116; 116; 115; 117
117; Nr.117; 117; 116; 118
118; Nr.118; 118; 117; 119
119; Nr.119; 119; 118; 120
120; Nr.120; 120; 119; 121
121; Nr.121; 121; 120; 122
122; Nr.122; 122; 121; 123
123; Nr.123; 123; 122; 124
124; Nr.124; 124; 123; 125
125; Nr.125; 125; 124; 126
126; Nr.126; 126; 125; 127
127; Nr.127; 127; 126; 128
128; Nr.128; 128; 127; 129
129; Nr.129; 129; 128; 130
130; Nr.130; 130; 129; 131
131; Nr.131; 131; 130; 132
132; Nr.132; 132; 131; 133
133; Nr.133; 133; 132; 134
134; Nr.134; 134; 133; 135
135; Nr.135; 135; 134; 136
136; Nr.136; 136; 135; 137
137; Nr.137; 137; 136; 138
138; Nr.138; 138; 137; 139
139; Nr.139; 139; 138; 140
140; Nr.140; 140; 139; 141
141; Nr.141; 141; 140; 142
142; Nr.142; 142; 141; 143
143; Nr.143; 143; 142; 144
144; Nr.144; 144; 143; 145
145; Nr.145; 145; 144; 146
146; Nr.146; 146; 145; 147
147; Nr.147; 147; 146; 148
148; Nr.148; 148; 147; 149
149; Nr.149; 149; 148; 150
150; Nr.150; 150; 149; 151
151; Nr.151; 151; 150; 152
152; Nr.152; 152; 151; 153
153; Nr.153; 153; 152; 154
154; Nr.154; 154; 153; 155
155; Nr.155; 155; 154; 156
156; Nr.156; 156; 155; 157
157; Nr.157; 157; 156; 158
158; Nr.158; 158; 157; 159
159; Nr.159; 159; 158; 160
160; Nr.160; 160; 159; 161
161; Nr.161; 161; 160; 162
162; Nr.162; 162; 161; 163
163; Nr.163; 163; 162; 164
164; Nr.164; 164; 163; 165
165; Nr.165; 165; 164; 166
166; Nr.166; 166; 165; 167
167; Nr.167; 167; 166; 168
168; Nr.168; 168; 167; 169
169; Nr.169; 169; 168; 170
170; Nr.170; 170; 169; 171
171; Nr.171; 171; 170; 172
172; Nr.172; 172; 171; 173
173; Nr.173; 173; 172; 174
174; Nr.174; 174; 173; 175
175; Nr.175; 175; 174; 176
176; Nr.176; 176; 175; 177
177; Nr.177; 177; 176; 178
178; Nr.178; 178; 177; 179
179; Nr.179; 179; 178; 180
180; Nr.180; 180; 179; 181
181; Nr.181; 181; 180; 182
182; Nr.182; 182; 181; 183
183; Nr.183; 183; 182; 184
184; Nr.184; 184; 183; 185
185; Nr.185; 185; 184; 186
186; Nr.186; 186; 185; 187
187; Nr.187; 187; 186; 188
188; Nr.188; 188; 187; 189
189; Nr.189; 189; 188; 190
190; Nr.190; 190; 189; 191
191; Nr.191; 191; 190; 192
192; Nr.192; 192; 191; 193
193; Nr.193; 193; 192; 194
194; Nr.194; 194; 193; 195
195; Nr.195; 195; 194; 196
196; Nr.196; 196; 195; 197
197; Nr.197; 197; 196; 198
198; Nr.198; 198; 197; 199
199; Nr.199; 199; 198; 200
200; Nr.200; 200; 199; 201
201; Nr.201; 201; 200; 202
202; Nr.202; 202; 201; 203
203; Nr.203; 203; 202; 204
204; Nr.204; 204; 203; 205
205; Nr.205; 205; 204; 206
206; Nr.206; 206; 205; 207
207; Nr.207; 207; 206; 208
208; Nr.208; 208; 207; 209
209; Nr.209; 209; 208; 210
210; Nr.210; 210; 209; 211
211; Nr.211; 211; 210; 212
212; Nr.212; 212; 211; 213
213; Nr.213; 213; 212; 214
214; Nr.214; 214; 213; 215
215; Nr.215; 215; 214; 216
216; Nr.216; 216; 215; 217
217; Nr.217; 217; 216; 218
218; Nr.218; 218; 217; 219
219; Nr.219; 219; 218; 220
220; Nr.220; 220; 219; 221
221; Nr.221; 221; 220; 222
222; Nr.222; 222; 221; 223
223; Nr.223; 223; 222; 224
224; Nr.224; 224; 223; 225
225; Nr.225; 225; 224; 226
226; Nr.226; 226; 225; 227
227; Nr.227; 227; 226; 228
228; Nr.228; 228; 227; 229
229; Nr.229; 229; 228; 230
230; Nr.230; 230; 229; 231
231; Nr.231; 231; 230; 232
232; Nr.232; 232; 231; 233
233; Nr.233; 233; 232; 234
234; Nr.234; 234; 233; 235
235; Nr.235; 235; 234; 236
236; Nr.236; 236; 235; 237
237; Nr.237; 237; 236; 238
238; Nr.238; 238; 237; 239
239; Nr.239; 239; 238; 240
240; Nr.240; 240; 239; 241
241; Nr.241; 241; 240; 242
242; Nr.242; 242; 241; 243
243; Nr.243; 243; 242; 244
244; Nr.244; 244; 243; 245
245; Nr.245; 245; 244; 246
246; Nr.246; 246; 245; 247
247; Nr.247; 247; 246; 248
248; Nr.248; 248; 247; 249
249; Nr.249; 249; 248; 250
250; Nr.250; 250; 249; 251
251; Nr.251; 251; 250; 252
252; Nr.252; 252; 251; 253
253; Nr.253; 253; 252; 254
254; Nr.254; 254; 253; 255
255; Nr.255; 255; 254; 256
256; Nr.256; 256; 255; 257
257; Nr.257; 257; 256; 258
258; Nr.258; 258; 257; 259
259; Nr.259; 259; 258; 260
260; Nr.260; 260; 259; 261
261; Nr.261; 261; 260; 262
262; Nr.262; 262; 261; 263
263; Nr.263; 263; 262; 264
264; Nr.264; 264; 263; 265
265; Nr.265; 265; 264; 266
266; Nr.266; 266; 265; 267
267; Nr.267; 267; 266; 268
268; Nr.268; 268; 267; 269
269; Nr.269; 269; 268; 270
270; Nr.270; 270; 269; 271
271; Nr.271; 271; 270; 272
272; Nr.272; 272; 271; 273
273; Nr.273; 273; 272; 274
274; Nr.274; 274; 273; 275
275; Nr.275; 275; 274; 276
276; Nr.276; 276; 275; 277
277; Nr.277; 277; 276; 278
278; Nr.278; 278; 277; 279
279; Nr.279; 279; 278; 280
280; Nr.280; 280; 279; 281
281; Nr.281; 281; 280; 282
282; Nr.282; 282; 281; 283
283; Nr.283; 283; 282; 284
284; Nr.284; 284; 283; 285
285; Nr.285; 285; 284; 286
286; Nr.286; 286; 285; 287
287; Nr.287; 287; 286; 288
288; Nr.288; 288; 287; 289
289; Nr.289; 289; 288; 290
290; Nr.290; 290; 289; 291
291; Nr.291; 291; 290; 292
292; Nr.292; 292; 291; 293
293; Nr.293; 293; 292; 294
294; Nr.294; 294; 293; 295
295; Nr.295; 295; 294; 296
296; Nr.296; 296; 295; 297
297; Nr.297; 297; 296; 298
298; Nr.298; 298; 297; 299
299; Nr.299; 299; 298; 300
300; Nr.300; 300; 299; 301
301; Nr.301; 301; 300; 302
302; Nr.302; 302; 301; 303
303; Nr.303; 303; 302; 304
304; Nr.304; 304; 303; 305
305; Nr.305; 305; 304; 306
306; Nr.306; 306; 305; 307
307; Nr.307; 307; 306; 308
308; Nr.308; 308; 307; 309
309; Nr.309; 309; 308; 310
310; Nr.310; 310; 309; 311
311; Nr.311; 311; 310; 312
312; Nr.312; 312; 311; 313
313; Nr.313; 313; 312; 314
314; Nr.314; 314; 313; 315
315; Nr.315; 315; 314; 316
316; Nr.316; 316; 315; 317
317; Nr.317; 317; 316; 318
318; Nr.318; 318; 317; 319
319; Nr.319; 319; 318; 320
320; Nr.320; 320; 319; 321
321; Nr.321; 321; 320; 322
322; Nr.322; 322; 321; 323
323; Nr.323; 323; 322; 324
324; Nr.324; 324; 323; 325
325; Nr.325; 325; 324; 326
326; Nr.326; 326; 325; 327
327; Nr.327; 327; 326; 328
328; Nr.328; 328; 327; 329
329; Nr.329; 329; 328; 330
330; Nr.330; 330; 329; 331
331; Nr.331; 331; 330; 332
332; Nr.332; 332; 331; 333
333; Nr.333; 333; 332; 334
334; Nr.334; 334; 333; 335
335; Nr.335; 335; 334; 336
336; Nr.336; 336; 335; 337
337; Nr.337; 337; 336; 338
338; Nr.338; 338; 337; 339
339; Nr.339; 339; 338; 340
340; Nr.340; 340; 339; 341
341; Nr.341; 341; 340; 342
342; Nr.342; 342; 341; 343
343; Nr.343; 343; 342; 344
344; Nr.344; 344; 343; 345
345; Nr.345; 345; 344; 346
346; Nr.346; 346; 345; 347
347; Nr.347; 347; 346; 348
348; Nr.348; 348; 347; 349
349; Nr.349; 349; 348; 350
350; Nr.350; 350; 349; 351
351; Nr.351; 351; 350; 352
352; Nr.352; 352; 351; 353
353; Nr.353; 353; 352; 354
354; Nr.354; 354; 353; 355
355; Nr.355; 355; 354; 356
356; Nr.356; 356; 355; 357
357; Nr.357; 357; 356; 358
358; Nr.358; 358; 357; 359
359; Nr.359; 359; 358; 360
360; Nr.360; 360; 359; 361
361; Nr.361; 361; 360; 362
362; Nr.362; 362; 361; 363
363; Nr.363; 363; 362; 364
364; Nr.364; 364; 363; 365
365; Nr.365; 365; 364; 366
366; Nr.366; 366; 365; 367
367; Nr.367; 367; 366; 368
368; Nr.368; 368; 367; 369
369; Nr.369; 369; 368; 370
370; Nr.370; 370; 369; 371
371; Nr.371; 371; 370; 372
372; Nr.372; 372; 371; 373
373; Nr.373; 373; 372; 374
374; Nr.374; 374; 373; 375
375; Nr.375; 375; 374; 376
376; Nr.376; 376; 375; 377
377; Nr.377; 377; 376; 378
378; Nr.378; 378; 377; 379
379; Nr.379; 379; 378; 380
380; Nr.380; 380; 379; 381
381; Nr.381; 381; 380; 382
382; Nr.382; 382; 381; 383
383; Nr.383; 383; 382; 384
384; Nr.384; 384; 383; 385
385; Nr.385; 385; 384; 386
386; Nr.386; 386; 385; 387
387; Nr.387; 387; 386; 388
388; Nr.388; 388; 387; 389
389; Nr.389; 389; 388; 390
390; Nr.390; 390; 389; 391
391; Nr.391; 391; 390; 392
392; Nr.392; 392; 391; 393
393; Nr.393; 393; 392; 394
394; Nr.394; 394; 393; 395
395; Nr.395; 395; 394; 396
396; Nr.396; 396; 395; 397
397; Nr.397; 397; 396; 398
398; Nr.398; 398; 397; 399
399; Nr.399; 399; 398; 400
400; Nr.400; 400; 399; 401
401; Nr.401; 401; 400; 402
402; Nr.402; 402; 401; 403
403; Nr.403; 403; 402; 404
404; Nr.404; 404; 403; 405
405; Nr.405; 405; 404; 406
406; Nr.406; 406; 405; 407
407; Nr.407; 407; 406; 408
408; Nr.408; 408; 407; 409
409; Nr.409; 409; 408; 410
410; Nr.410; 410; 409; 411
411; Nr.411; 411; 410; 412
412; Nr.412; 412; 411; 413
413; Nr.413; 413; 412; 414
414; Nr.414; 414; 413; 415
415; Nr.415; 415; 414; 416
416; Nr.416; 416; 415; 417
417; Nr.417; 417; 416; 418
418; Nr.418; 418; 417; 419
419; Nr.419; 419; 418; 420
420; Nr.420; 420; 419; 421
421; Nr.421; 421; 420; 422
422; Nr.422; 422; 421; 423
423; Nr.423; 423; 422; 424
424; Nr.424; 424; 423; 425
425; Nr.425; 425; 424; 426
426; Nr.426; 426; 425; 427
427; Nr.427; 427; 426; 428
428; Nr.428; 428; 427; 429
429; Nr.429; 429; 428; 430
430; Nr.430; 430; 429; 431
431; Nr.431; 431; 430; 432
432; Nr.432; 432; 431; 433
433; Nr.433; 433; 432; 434
434; Nr.434; 434; 433; 435
435; Nr.435; 435; 434; 436
436; Nr.436; 436; 435; 437
437; Nr.437; 437; 436; 438
438; Nr.438; 438; 437; 439
439; Nr.439; 439; 438; 440
440; Nr.440; 440; 439; 441
441; Nr.441; 441; 440; 442
442; Nr.442; 442; 441; 443
443; Nr.443; 443; 442; 444
444; Nr.444; 444; 443; 445
445; Nr.445; 445; 444; 446
446; Nr.446; 446; 445; 447
447; Nr.447; 447; 446; 448
448; Nr.448; 448; 447; 449
449; Nr.449; 449; 448; 450
450; Nr.450; 450; 449; 451
451; Nr.451; 451; 450; 452
452; Nr.452; 452; 451; 453
453; Nr.453; 453; 452; 454
454; Nr.454; 454; 453; 455
455; Nr.455; 455; 454; 456
456; Nr.456; 456; 455; 457
457; Nr.457; 457; 456; 458
458; Nr.458; 458; 457; 459
459; Nr.459; 459; 458; 460
460; Nr.460; 460; 459; 461
461; Nr.461; 461; 460; 462
462; Nr.462; 462; 461; 463
463; Nr.463; 463; 462; 464
464; Nr.464; 464; 463; 465
465; Nr.465; 465; 464; 466
466; Nr.466; 466; 465; 467
467; Nr.467; 467; 466; 468
468; Nr.468; 468; 467; 469
469; Nr.469; 469; 468; 470
470; Nr.470; 470; 469; 471
471; Nr.471; 471; 470; 472
472; Nr.472; 472; 471; 473
473; Nr.473; 473; 472; 474
474; Nr.474; 474; 473; 475
475; Nr.475; 475; 474; 476
476; Nr.476; 476; 475; 477
477; Nr.477; 477; 476; 478
478; Nr.478; 478; 477; 479
479; Nr.479; 479; 478; 480
480; Nr.480; 480; 479; 481
481; Nr.481; 481; 480; 482
482; Nr.482; 482; 481; 483
483; Nr.483; 483; 482; 484
484; Nr.484; 484; 483; 485
485; Nr.485; 485; 484; 486
486; Nr.486; 486; 485; 487
487; Nr.487; 487; 486; 488
488; Nr.488; 488; 487; 489
489; Nr.489; 489; 488; 490
490; Nr.490; 490; 489; 491
491; Nr.491; 491; 490; 492
492; Nr.492; 492; 491; 493
493; Nr.493; 493; 492; 494
494; Nr.494; 494; 493; 495
495; Nr.495; 495; 494; 496
496; Nr.496; 496; 495; 497
497; Nr.497; 497; 496; 498
498; Nr.498; 498; 497; 499
499; Nr.499; 499; 498; 500
500; Nr.500; 500; 499; 501
501; Nr.501; 501; 500; 502
502; Nr.502; 502; 501; 503
503; Nr.503; 503; 502; 504
504; Nr.504; 504; 503; 505
505; Nr.505; 505; 504; 506
506; Nr.506; 506; 505; 507
507; Nr.507; 507; 506; 508
508; Nr.508; 508; 507; 509
509; Nr.509; 509; 508; 510
510; Nr.510; 510; 509; 511
511; Nr.511; 511; 510; 512
512; Nr.512; 512; 511; 513
513; Nr.513; 513; 512; 514
514; Nr.514; 514; 513; 515
515; Nr.515; 515; 514; 516
516; Nr.516; 516; 515; 517
517; Nr.517; 517; 516; 518
518; Nr.518; 518; 517; 519
519; Nr.519; 519; 518; 520
520; Nr.520; 520; 519; 521
521; Nr.521; 521; 520; 522
522; Nr.522; 522; 521; 523
523; Nr.523; 523; 522; 524
524; Nr.524; 524; 523; 525
525; Nr.525; 525; 524; 526
526; Nr.526; 526; 525; 527
527; Nr.527; 527; 526; 528
528; Nr.528; 528; 527; 529
529; Nr.529; 529; 528; 530
530; Nr.530; 530; 529; 531
531; Nr.531; 531; 530; 532
532; Nr.532; 532; 531; 533
533; Nr.533; 533; 532; 534
534; Nr.534; 534; 533; 535
535; Nr.535; 535; 534; 536
536; Nr.536; 536; 535; 537
537; Nr.537; 537; 536; 538
538; Nr.538; 538; 537; 539
539; Nr.539; 539; 538; 540
540; Nr.540; 540; 539; 541
541; Nr.541; 541; 540; 542
542; Nr.542; 542; 541; 543
543; Nr.543; 543; 542; 544
544; Nr.544; 544; 543; 545
545; Nr.545; 545; 544; 546
546; Nr.546; 546; 545; 547
547; Nr.547; 547; 546; 548
548; Nr.548; 548; 547; 549
549; Nr.549; 549; 548; 550
550; Nr.550; 550; 549; 551
551; Nr.551; 551; 550; 552
552; Nr.552; 552; 551; 553
553; Nr.553; 553; 552; 554
554; Nr.554; 554; 553; 555
555; Nr.555; 555; 554; 556
556; Nr.556; 556; 555; 557
557; Nr.557; 557; 556; 558
558; Nr.558; 558; 557; 559
559; Nr.559; 559; 558; 560
560; Nr.560; 560; 559; 561
561; Nr.561; 561; 560; 562
562; Nr.562; 562; 561; 563
563; Nr.563; 563; 562; 564
564; Nr.564; 564; 563; 565
565; Nr.565; 565; 564; 566
566; Nr.566; 566; 565; 567
567; Nr.567; 567; 566; 568
568; Nr.568; 568; 567; 569
569; Nr.569; 569; 568; 570
570; Nr.570; 570; 569; 571
571; Nr.571; 571; 570; 572
572; Nr.572; 572; 571; 573
573; Nr.573; 573; 572; 574
574; Nr.574; 574; 573; 575
575; Nr.575; 575; 574; 576
576; Nr.576; 576; 575; 577
577; Nr.577; 577; 576; 578
578; Nr.578; 578; 577; 579
579; Nr.579; 579; 578; 580
580; Nr.580; 580; 579; 581
581; Nr.581; 581; 580; 582
582; Nr.582; 582; 581; 583
583; Nr.583; 583; 582; 584
584; Nr.584; 584; 583; 585
585; Nr.585; 585; 584; 586
586; Nr.586; 586; 585; 587
587; Nr.587; 587; 586; 588
588; Nr.588; 588; 587; 589
589; Nr.589; 589; 588; 590
590; Nr.590; 590; 589; 591
591; Nr.591; 591; 590; 592
592; Nr.592; 592; 591; 593
593; Nr.593; 593; 592; 594
594; Nr.594; 594; 593; 595
595; Nr.595; 595; 594; 596
596; Nr.596; 596; 595; 597
597; Nr.597; 597; 596; 598
598; Nr.598; 598; 597; 599
599; Nr.599; 599; 598; 600
600; Nr.600; 600; 599; 601
601; Nr.601; 601; 600; 602
602; Nr.602; 602; 601; 603
603; Nr.603; 603; 602; 604
604; Nr.604; 604; 603; 605
605; Nr.605; 605; 604; 606
606; Nr.606; 606; 605; 607
607; Nr.607; 607; 606; 608
608; Nr.608; 608; 607; 609
609; Nr.609; 609; 608; 610
610; Nr.610; 610; 609; 611
611; Nr.611; 611; 610; 612
612; Nr.612; 612; 611; 613
613; Nr.613; 613; 612; 614
614; Nr.614; 614; 613; 615
615; Nr.615; 615; 614; 616
616; Nr.616; 616; 615; 617
617; Nr.617; 617; 616; 618
618; Nr.618; 618; 617; 619
619; Nr.619; 619; 618; 620
620; Nr.620; 620; 619; 621
621; Nr.621; 621; 620; 622
622; Nr.622; 622; 621; 623
623; Nr.623; 623; 622; 624
624; Nr.624; 624; 623; 625
625; Nr.625; 625; 624; 626
626; Nr.626; 626; 625; 627
627; Nr.627; 627; 626; 628
628; Nr.628; 628; 627; 629
629; Nr.629; 629; 628; 630
630; Nr.630; 630; 629; 631
631; Nr.631; 631; 630; 632
632; Nr.632; 632; 631; 633
633; Nr.633; 633; 632; 634
634; Nr.634; 634; 633; 635
635; Nr.635; 635; 634; 636
636; Nr.636; 636; 635; 637
637; Nr.637; 637; 636; 638
638; Nr.638; 638; 637; 639
639; Nr.639; 639; 638; 640
640; Nr.640; 640; 639; 641
641; Nr.641; 641; 640; 642
642; Nr.642; 642; 641; 643
643; Nr.643; 643; 642; 644
644; Nr.644; 644; 643; 645
645; Nr.645; 645; 644; 646
646; Nr.646; 646; 645; 647
647; Nr.647; 647; 646; 648
648; Nr.648; 648; 647; 649
649; Nr.649; 649; 648; 650
650; Nr.650; 650; 649; 651
651; Nr.651; 651; 650; 652
652; Nr.652; 652; 651; 653
653; Nr.653; 653; 652; 654
654; Nr.654; 654; 653; 655
655; Nr.655; 655; 654; 656
656; Nr.656; 656; 655; 657
657; Nr.657; 657; 656; 658
658; Nr.658; 658; 657; 659
659; Nr.659; 659; 658; 660
660; Nr.660; 660; 659; 661
661; Nr.661; 661; 660; 662
662; Nr.662; 662; 661; 663
663; Nr.663; 663; 662; 664
664; Nr.664; 664; 663; 665
665; Nr.665; 665; 664; 666
666; Nr.666; 666; 665; 667
667; Nr.667; 667; 666; 668
668; Nr.668; 668; 667; 669
669; Nr.669; 669; 668; 670
670; Nr.670; 670; 669; 671
671; Nr.671; 671; 670; 672
672; Nr.672; 672; 671; 673
673; Nr.673; 673; 672; 674
674; Nr.674; 674; 673; 675
675; Nr.675; 675; 674; 676
676; Nr.676; 676; 675; 677
677; Nr.677; 677; 676; 678
678; Nr.678; 678; 677; 679
679; Nr.679; 679; 678; 680
680; Nr.680; 680; 679; 681
681; Nr.681; 681; 680; 682
682; Nr.682; 682; 681; 683
683; Nr.683; 683; 682; 684
684; Nr.684; 684; 683; 685
685; Nr.685; 685; 684; 686
686; Nr.686; 686; 685; 687
687; Nr.687; 687; 686; 688
688; Nr.688; 688; 687; 689
689; Nr.689; 689; 688; 690
690; Nr.690; 690; 689; 691
691; Nr.691; 691; 690; 692
692; Nr.692; 692; 691; 693
693; Nr.693; 693; 692; 694
694; Nr.694; 694; 693; 695
695; Nr.695; 695; 694; 696
696; Nr.696; 696; 695; 697
697; Nr.697; 697; 696; 698
698; Nr.698; 698; 697; 699
699; Nr.699; 699; 698; 700
700; Nr.700; 700; 699; 701
701; Nr.701; 701; 700; 702
702; Nr.702; 702; 701; 703
703; Nr.703; 703; 702; 704
704; Nr.704; 704; 703; 705
705; Nr.705; 705; 704; 706
706; Nr.706; 706; 705; 707
707; Nr.707; 707; 706; 708
708; Nr.708; 708; 707; 709
709; Nr.709; 709; 708; 710
710; Nr.710; 710; 709; 711
711; Nr.711; 711; 710; 712
712; Nr.712; 712; 711; 713
713; Nr.713; 713; 712; 714
714; Nr.714; 714; 713; 715
715; Nr.715; 715; 714; 716
716; Nr.716; 716; 715; 717
717; Nr.717; 717; 716; 718
718; Nr.718; 718; 717; 719
719; Nr.719; 719; 718; 720
720; Nr.720; 720; 719; 721
721; Nr.721; 721; 720; 722
722; Nr.722; 722; 721; 723
723; Nr.723; 723; 722; 724
724; Nr.724; 724; 723; 725
725; Nr.725; 725; 724; 726
726; Nr.726; 726; 725; 727
727; Nr.727; 727; 726; 728
728; Nr.728; 728; 727; 729
729; Nr.729; 729; 728; 730
730; Nr.730; 730; 729; 731
731; Nr.731; 731; 730; 732
732; Nr.732; 732; 731; 733
733; Nr.733; 733; 732; 734
734; Nr.734; 734; 733; 735
735; Nr.735; 735; 734; 736
736; Nr.736; 736; 735; 737
737; Nr.737; 737; 736; 738
738; Nr.738; 738; 737; 739
739; Nr.739; 739; 738; 740
740; Nr.740; 740; 739; 741
741; Nr.741; 741; 740; 742
742; Nr.742; 742; 741; 743
743; Nr.743; 743; 742; 744
744; Nr.744; 744; 743; 745
745; Nr.745; 745; 744; 746
746; Nr.746; 746; 745; 747
747; Nr.747; 747; 746; 748
748; Nr.748; 748; 747; 749
749; Nr.749; 749; 748; 750
750; Nr.750; 750; 749; 751
751; Nr.751; 751; 750; 752
752; Nr.752; 752; 751; 753
753; Nr.753; 753; 752; 754
754; Nr.754; 754; 753; 755
755; Nr.755; 755; 754; 756
756; Nr.756; 756; 755; 757
757; Nr.757; 757; 756; 758
758; Nr.758; 758; 757; 759
759; Nr.759; 759; 758; 760
760; Nr.760; 760; 759; 761
761; Nr.761; 761; 760; 762
762; Nr.762; 762; 761; 763
763; Nr.763; 763; 762; 764
764; Nr.764; 764; 763; 765
765; Nr.765; 765; 764; 766
766; Nr.766; 766; 765; 767
767; Nr.767; 767; 766; 768
768; Nr.768; 768; 767; 769
769; Nr.769; 769; 768; 770
770; Nr.770; 770; 769; 771
771; Nr.771; 771; 770; 772
772; Nr.772; 772; 771; 773
773; Nr.773; 773; 772; 774
774; Nr.774; 774; 773; 775
775; Nr.775; 775; 774; 776
776; Nr.776; 776; 775; 777
777; Nr.777; 777; 776; 778
778; Nr.778; 778; 777; 779
779; Nr.779; 779; 778; 780
780; Nr.780; 780; 779; 781
781; Nr.781; 781; 780; 782
782; Nr.782; 782; 781; 783
783; Nr.783; 783; 782; 784
784; Nr.784; 784; 783; 785
785; Nr.785; 785; 784; 786
786; Nr.786; 786; 785; 787
787; Nr.787; 787; 786; 788
788; Nr.788; 788; 787; 789
789; Nr.789; 789; 788; 790
790; Nr.790; 790; 789; 791
791; Nr.791; 791; 790; 792
792; Nr.792; 792; 791; 793
793; Nr.793; 793; 792; 794
794; Nr.794; 794; 793; 795
795; Nr.795; 795; 794; 796
796; Nr.796; 796; 795; 797
797; Nr.797; 797; 796; 798
798; Nr.798; 798; 797; 799
799; Nr.799; 799; 798; 800
800; Nr.800; 800; 799; 801
801; Nr.801; 801; 800; 802
802; Nr.802; 802; 801; 803
803; Nr.803; 803; 802; 804
804; Nr.804; 804; 803; 805
805; Nr.805; 805; 804; 806
806; Nr.806; 806; 805; 807
807; Nr.807; 807; 806; 808
808; Nr.808; 808; 807; 809
809; Nr.809; 809; 808; 810
810; Nr.810; 810; 809; 811
811; Nr.811; 811; 810; 812
812; Nr.812; 812; 811; 813
813; Nr.813; 813; 812; 814
814; Nr.814; 814; 813; 815
815; Nr.815; 815; 814; 816
816; Nr.816; 816; 815; 817
817; Nr.817; 817; 816; 818
818; Nr.818; 818; 817; 819
819; Nr.819; 819; 818; 820
820; Nr.820; 820; 819; 821
821; Nr.821; 821; 820; 822
822; Nr.822; 822; 821; 823
823; Nr.823; 823; 822; 824
824; Nr.824; 824; 823; 825
825; Nr.825; 825; 824; 826
826; Nr.826; 826; 825; 827
827; Nr.827; 827; 826; 828
828; Nr.828; 828; 827; 829
829; Nr.829; 829; 828; 830
830; Nr.830; 830; 829; 831
831; Nr.831; 831; 830; 832
832; Nr.832; 832; 831; 833
833; Nr.833; 833; 832; 834
834; Nr.834; 834; 833; 835
835; Nr.835; 835; 834; 836
836; Nr.836; 836; 835; 837
837; Nr.837; 837; 836; 838
838; Nr.838; 838; 837; 839
839; Nr.839; 839; 838; 840
840; Nr.840; 840; 839; 841
841; Nr.841; 841; 840; 842
842; Nr.842; 842; 841; 843
843; Nr.843; 843; 842; 844
844; Nr.844; 844; 843; 845
845; Nr.845; 845; 844; 846
846; Nr.846; 846; 845; 847
847; Nr.847; 847; 846; 848
848; Nr.848; 848; 847; 849
849; Nr.849; 849; 848; 850
850; Nr.850; 850; 849; 851
851; Nr.851; 851; 850; 852
852; Nr.852; 852; 851; 853
853; Nr.853; 853; 852; 854
854; Nr.854; 854; 853; 855
855; Nr.855; 855; 854; 856
856; Nr.856; 856; 855; 857
857; Nr.857; 857; 856; 858
858; Nr.858; 858; 857; 859
859; Nr.859; 859; 858; 860
860; Nr.860; 860; 859; 861
861; Nr.861; 861; 860; 862
862; Nr.862; 862; 861; 863
863; Nr.863; 863; 862; 864
864; Nr.864; 864; 863; 865
865; Nr.865; 865; 864; 866
866; Nr.866; 866; 865; 867
867; Nr.867; 867; 866; 868
868; Nr.868; 868; 867; 869
869; Nr.869; 869; 868; 870
870; Nr.870; 870; 869; 871
871; Nr.871; 871; 870; 872
872; Nr.872; 872; 871; 873
873; Nr.873; 873; 872; 874
874; Nr.874; 874; 873; 875
875; Nr.875; 875; 874; 876
876; Nr.876; 876; 875; 877
877; Nr.877; 877; 876; 878
878; Nr.878; 878; 877; 879
879; Nr.879; 879; 878; 880
880; Nr.880; 880; 879; 881
881; Nr.881; 881; 880; 882
882; Nr.882; 882; 881; 883
883; Nr.883; 883; 882; 884
884; Nr.884; 884; 883; 885
885; Nr.885; 885; 884; 886
886; Nr.886; 886; 885; 887
887; Nr.887; 887; 886; 888
888; Nr.888; 888; 887; 889
889; Nr.889; 889; 888; 890
890; Nr.890; 890; 889; 891
891; Nr.891; 891; 890; 892
892; Nr.892; 892; 891; 893
893; Nr.893; 893; 892; 894
894; Nr.894; 894; 893; 895
895; Nr.895; 895; 894; 896
896; Nr.896; 896; 895; 897
897; Nr.897; 897; 896; 898
898; Nr.898; 898; 897; 899
899; Nr.899; 899; 898; 900
900; Nr.900; 900; 899; 901
901; Nr.901; 901; 900; 902
902; Nr.902; 902; 901; 903
903; Nr.903; 903; 902; 904
904; Nr.904; 904; 903; 905
905; Nr.905; 905; 904; 906
906; Nr.906; 906; 905; 907
907; Nr.907; 907; 906; 908
908; Nr.908; 908; 907; 909
909; Nr.909; 909; 908; 910
910; Nr.910; 910; 909; 911
911; Nr.911; 911; 910; 912
912; Nr.912; 912; 911; 913
913; Nr.913; 913; 912; 914
914; Nr.914; 914; 913; 915
915; Nr.915; 915; 914; 916
916; Nr.916; 916; 915; 917
917; Nr.917; 917; 916; 918
918; Nr.918; 918; 917; 919
919; Nr.919; 919; 918; 920
920; Nr.920; 920; 919; 921
921; Nr.921; 921; 920; 922
922; Nr.922; 922; 921; 923
923; Nr.923; 923; 922; 924
924; Nr.924; 924; 923; 925
925; Nr.925; 925; 924; 926
926; Nr.926; 926; 925; 927
927; Nr.927; 927; 926; 928
928; Nr.928; 928; 927; 929
929; Nr.929; 929; 928; 930
930; Nr.930; 930; 929; 931
931; Nr.931; 931; 930; 932
932; Nr.932; 932; 931; 933
933; Nr.933; 933; 932; 934
934; Nr.934; 934; 933; 935
935; Nr.935; 935; 934; 936
936; Nr.936; 936; 935; 937
937; Nr.937; 937; 936; 938
938; Nr.938; 938; 937; 939
939; Nr.939; 939; 938; 940
940; Nr.940; 940; 939; 941
941; Nr.941; 941; 940; 942
942; Nr.942; 942; 941; 943
943; Nr.943; 943; 942; 944
944; Nr.944; 944; 943; 945
945; Nr.945; 945; 944; 946
946; Nr.946; 946; 945; 947
947; Nr.947; 947; 946; 948
948; Nr.948; 948; 947; 949
949; Nr.949; 949; 948; 950
950; Nr.950; 950; 949; 951
951; Nr.951; 951; 950; 952
952; Nr.952; 952; 951; 953
953; Nr.953; 953; 952; 954
954; Nr.954; 954; 953; 955
955; Nr.955; 955; 954; 956
956; Nr.956; 956; 955; 957
957; Nr.957; 957; 956; 958
958; Nr.958; 958; 957; 959
959; Nr.959; 959; 958; 960
960; Nr.960; 960; 959; 961
961; Nr.961; 961; 960; 962
962; Nr.962; 962; 961; 963
963; Nr.963; 963; 962; 964
964; Nr.964; 964; 963; 965
965; Nr.965; 965; 964; 966
966; Nr.966; 966; 965; 967
967; Nr.967; 967; 966; 968
968; Nr.968; 968; 967; 969
969; Nr.969; 969; 968; 970
970; Nr.970; 970; 969; 971
971; Nr.971; 971; 970; 972
972; Nr.972; 972; 971; 973
973; Nr.973; 973; 972; 974
974; Nr.974; 974; 973; 975
975; Nr.975; 975; 974; 976
976; Nr.976; 976; 975; 977
977; Nr.977; 977; 976; 978
978; Nr.978; 978; 977; 979
979; Nr.979; 979; 978; 980
980; Nr.980; 980; 979; 981
981; Nr.981; 981; 980; 982
982; Nr.982; 982; 981; 983
983; Nr.983; 983; 982; 984
984; Nr.984; 984; 983; 985
985; Nr.985; 985; 984; 986
986; Nr.986; 986; 985; 987
987; Nr.987; 987; 986; 988
988; Nr.988; 988; 987; 989
989; Nr.989; 989; 988; 990
990; Nr.990; 990; 989; 991
991; Nr.991; 991; 990; 992
992; Nr.992; 992; 991; 993
993; Nr.993; 993; 992; 994
994; Nr.994; 994; 993; 995
995; Nr.995; 995; 994; 996
996; Nr.996; 996; 995; 997
997; Nr.997; 997; 996; 998
998; Nr.998; 998; 997; 999
999; Nr.999; 999; 998; 1000
1000; Nr.1000; 2146984147; 999; -
//Mit dem letzten Knoten wird die Ausführungszeit genau auf Integer.MAX_VALUE gesetzt.
